58
96
63
58
51
29
46
92
39
41
90
89
15
76
41
68
40
50
39
85
71
18
57
72
29
2
23
78
25
27
24
22
50
68
41
53
33
56
77
20
64
65
35
5
26
97
94
26
51
35
21
95
82
95
74
54
8
91
11
58
14
7
54
53
58
53
59
58
13
99
51
46
90
83
62
21
9
91
28
92
87
55
42
69
94
48
56
62
53
15
51
99
55
98
14
35
49
48
20
90
44
80
83
71
22
13
47
69
70
20
45
90
18
65
42
32
51
18
48
84
6
99
84
71
7
88
71
86
19
46
12
71
92
1
68
24
76
53
38
88
92
37
31
27
34
94
93
50
2
53
40
62
7
13
19
33
28
12
62
29
45
99
27
40
70
63
92
90
85
72
6
59
82
1
84
87
1
76
32
48
54
12
61
36
60
66
95
92
73
71
8
59
59
60
67
94
48
22
24
73
