79
10
94
43
33
97
28
91
34
7
84
38
57
81
20
55
20
76
49
74
35
32
89
8
50
96
31
88
51
65
67
75
28
52
20
90
91
62
79
17
4
59
84
13
44
8
4
40
83
49
38
76
58
94
93
5
86
86
39
34
36
82
9
86
80
69
72
11
52
75
13
44
12
16
73
41
55
59
25
27
91
81
93
28
17
29
72
5
57
30
43
74
14
90
39
31
2
50
28
37
28
61
82
42
35
19
91
77
5
28
81
9
24
22
59
58
3
69
26
8
27
99
1
58
82
11
91
18
78
57
68
31
65
99
32
18
29
56
95
86
13
61
88
86
74
81
2
30
16
84
43
48
70
79
2
23
78
57
41
30
48
93
98
10
47
76
72
76
98
88
26
58
69
72
92
44
35
84
8
68
56
53
89
19
38
99
33
54
54
69
79
16
29
71
25
81
17
27
86
11
